32768 32768 32768 32768 32768 32768 1344 1344 1344 320 1344 1856 1344 1344 1344 1344 1344 32768 1344 1344 32768 192 32768 32768 32768 32768 32768 1216 1216 1216 1216 1216 32768 192 192 32768 32768 32768 32768 32768 5312 32768 5312 5312 32768 32768 32768 4800 32768 32768 32768 5312 32768 32768 5312 5312 32768 5312 32768 32768 32768 4800 32768 32768 32768 5312 32768 32768 32768 32768 5824 32768 5824 32768 32768 4288 32768 32768 32768 4288 5312 5312
32768 32768 32768 32768 32768 1344 32768 1344 320 320 1344 1344 1344 1344 1344 1344 1344 32768 32768 1216 1216 32768 192 32768 32768 32768 1216 32768 1216 32768 1216 32768 32768 32768 32768 32768 192 32768 32768 192 1216 32768 1216 32768 32768 32768 704 32768 32768 32768 32768 1216 32768 32768 32768 32768 1216 32768 32768 32768 32768 32768 32768 32768 32768 32768 32768 32768 1728 1728 1728 32768 1728 1728 1216 32768 32768 32768 1216 32768 32768 5312
32768 32768 1344 32800 10064 1344 1344 1344 320 320 320 328 1344 1344 1344 1344 1344 1856 1344 32768 32768 1344 32768 192 32768 32768 32768 1216 1216 32768 1216 1216 32768 32768 1216 32768 32768 32768 32768 32768 192 32768 1216 32768 1216 32768 32768 32768 32768 32768 32768 32768 32768 192 32768 32768 32768 32768 32768 32768 32768 32768 192 32768 32768 32768 32768 32768 1216 32768 32768 32768 32768 32768 1216 32768 32768 704 1728 32768 32768 5312
32768 32800 1872 1872 1856 1872 1856 1344 328 328 328 328 328 328 328 1344 1856 1856 1856 1856 32768 32768 32768 1216 192 32768 32768 32768 32768 32768 32768 1216 32768 1216 1216 32768 32768 32768 32768 32768 32768 32768 32768 1216 32768 32768 32768 1728 32768 32768 1216 32768 32768 32768 192 32768 32768 1216 1216 32768 32768 32768 32768 32768 32768 1216 32768 1216 1216 32768 32768 32768 32768 1216 32768 32768 32768 1728 1728 32768 5312 5312
8400 32784 32768 1856 1856 1856 1872 328 328 328 328 328 328 328 328 328 1856 1856 1856 1856 32768 1344 32768 32768 32768 32768 32768 32768 32768 1216 32768 32768 1216 32768 32768 32768 32768 32768 32768 32768 1216 192 32768 32768 192 1216 32768 32768 32768 1216 1216 32768 32768 32768 1216 32768 32768 32768 32768 32768 32768 32768 32768 32768 32768 32768 1216 32768 1216 32768 32768 32768 1216 1216 32768 32768 32768 32768 32768 32768 32768 5312
192 1216 1344 1856 1856 1856 328 344 328 328 328 328 328 328 328 328 328 1856 1856 1856 1856 1344 1216 32768 32768 32768 32768 1216 32768 1728 32768 32768 32768 5312 32768 32768 192 32768 32768 1216 32768 32768 32768 192 32768 32768 1216 32768 32768 32768 32768 32768 32768 192 32768 32768 32768 1216 32768 1216 32768 32768 1216 32768 32768 32768 32768 192 32768 1216 1216 1216 32768 32768 32768 32768 32768 1216 1216 1216 5312 5312
320 32768 1344 1856 1344 328 328 328 344 328 328 328 328 328 328 328 328 328 1856 1344 1344 32768 32768 32768 1216 1216 32768 32768 32768 1216 32768 32768 4800 32768 32768 32768 192 32768 32768 1216 32768 1216 192 704 32768 32768 32768 32768 32768 32768 32768 1216 32768 32768 32768 32768 32768 1216 34816 34816 34816 1216 32768 32768 32768 1216 1216 192 32768 1216 1216 1216 1728 1216 1728 1216 32768 1216 32768 32768 32768 5312
320 1344 1344 1344 1856 328 328 328 328 344 328 328 328 328 328 328 328 328 1856 1344 1344 1344 1216 1344 32768 32768 32768 32768 1216 32768 1216 5312 704 704 1728 32768 1216 32768 1216 1216 1216 32768 1216 32768 1728 32768 32768 192 192 32768 1216 32768 32768 1216 1216 1216 1728 34816 34816 34816 34816 34816 1216 32768 1216 32768 32768 32768 1728 32768 1216 704 32768 32768 32768 32768 32768 32768 32768 5824 32768 4800
1216 1344 1344 1344 1344 328 328 328 328 328 344 328 328 328 328 328 328 328 1856 1856 1344 1344 1344 1216 1216 1216 1216 1216 1216 1216 5312 704 704 704 704 1216 1216 1216 1216 1216 1216 1216 1216 1216 1728 1216 1216 1216 1216 1216 1216 1216 32768 1216 1216 1216 3776 3776 34816 34816 3264 34816 1216 1216 1216 1216 1728 1728 1728 1728 1728 1728 1728 1728 1728 32768 1216 32768 32768 32768 4800 4800
1856 1856 1344 320 328 328 328 328 328 328 328 344 328 328 328 328 328 328 328 1856 1344 1344 32768 1344 1344 1216 1728 1216 1344 5312 1216 1728 1728 1728 1728 1216 1216 1216 1216 1216 1216 1216 1216 1216 1216 1216 1216 1216 1728 1216 1216 1216 1216 1216 1216 1216 1728 3776 3776 3264 3264 3264 3264 1216 32768 1216 1728 1728 1728 1728 1216 1216 1728 1728 32768 32768 32768 5312 32768 32768 32768 704
1728 1856 1344 1344 320 328 328 328 328 328 328 328 328 328 328 328 328 328 1344 1344 1344 1344 1344 1344 1856 1728 1856 1856 5952 1216 1344 1216 1728 1728 1728 32768 1216 1216 1216 1216 1216 1216 1216 1216 1216 1728 1728 1728 1728 1728 1216 1344 1216 1344 1344 1216 3264 3264 3776 3264 3264 3264 3264 1216 1216 1216 1216 1728 1728 1728 1728 1216 32768 1728 32768 5312 32768 32768 32768 5824 32768 192
32768 1856 1856 1344 320 328 328 328 328 328 328 328 328 328 328 328 328 328 1344 1344 1344 1344 1344 1344 1344 1856 1856 5952 1856 1216 9424 1728 1728 1216 1728 1728 1728 1728 1728 32768 1216 1216 1216 1216 1728 1728 32768 32768 1728 1728 1728 1344 1344 1344 1344 1344 3264 3264 3264 3264 34816 3264 3264 32768 32768 1216 1216 32768 1728 1728 1216 1216 1216 1216 5312 32768 32768 32768 32768 1216 32768 192
32768 1344 1344 1344 1856 328 328 328 328 328 328 328 328 328 328 328 328 328 1344 1344 1344 1344 1344 1344 1856 1856 5952 1856 1856 1344 1872 32768 1856 1728 1728 1728 1728 1728 1728 32768 1216 1216 1216 1216 704 704 704 1728 704 1728 1344 1344 1344 1344 1344 1344 1344 1344 3264 3264 34816 34816 1216 1216 1216 1216 1216 1216 1728 32768 1216 1216 1728 5312 5312 32768 32768 32768 32768 32768 32768 704
1344 1344 1344 1856 1856 1856 328 328 328 328 328 328 328 328 328 328 328 1856 1856 1344 1344 1344 1344 1344 1344 5952 328 1344 1344 1856 10064 1856 1856 1856 1728 1728 1728 1728 1216 1216 1216 192 192 192 192 704 704 1728 1216 1216 1856 1344 1344 1344 1344 1344 1856 1344 1728 1216 1216 32768 1728 32768 32768 1216 1216 1216 1216 1728 1728 1728 5824 32768 5312 5312 32768 32768 32768 32768 1728 1728
32768 32768 1728 1856 1856 1856 1856 328 328 328 328 328 328 328 328 328 1344 1856 1344 1344 1344 1344 1344 328 4424 328 328 328 328 344 1856 1856 1856 1728 1728 1856 1728 1216 1216 1216 1216 1216 192 192 1216 1728 1728 1728 1216 1216 1344 1344 1344 1344 1344 1344 1344 1856 1728 1728 1216 1216 1216 1216 1216 1216 1216 1216 1728 1728 1728 5824 5824 5824 5312 32768 1216 32768 32768 1728 1728 1728
1216 1856 1856 1856 1856 1856 1856 1344 328 328 328 328 328 328 328 1344 1344 1344 1344 1344 1344 328 328 4424 328 328 328 328 328 344 328 328 1856 1856 1344 1728 1216 1216 1216 1216 1216 1216 1216 1216 1216 1216 1216 1216 1728 1344 1344 1344 1344 1344 1344 1856 1856 1728 1728 1728 1728 1216 1216 1216 1216 1216 1216 32768 32768 1728 5824 5824 32768 32768 5312 32768 32768 1216 32768 32768 32768 704
1728 32768 1856 1856 1856 1856 1344 1344 1344 1344 1344 328 1344 1344 1344 1344 1344 1344 1344 1344 328 328 4424 328 328 328 328 328 344 328 328 328 328 1344 1344 32768 1216 1216 1216 1216 1216 1216 1728 1728 1216 32768 1216 1216 1216 1344 1344 1344 1344 1856 1856 1856 1856 1728 1728 1728 1216 1216 1216 32768 1216 1216 1216 1216 32768 5312 5312 5824 5312 5312 1728 32768 32768 1216 1216 1216 32768 1216
32768 1728 1856 32768 1856 1344 1344 1344 1344 1344 1344 1344 1344 1344 1344 1344 1344 1344 1344 1344 328 4424 328 328 328 328 328 328 344 328 328 328 328 320 1344 32768 1216 1728 32768 1216 1728 1728 1728 1728 1728 1216 1216 1216 1216 1216 1216 1344 1344 1344 1856 1728 1856 1728 1728 32768 32768 1216 32768 1216 1216 1216 1216 1216 5312 5312 32768 5312 5312 1728 1728 32768 1216 1216 32768 1216 32768 1216
32768 32768 32768 1856 1344 32768 32768 1344 1344 1344 1344 1344 1344 1344 1856 1856 1344 1344 1344 328 4424 328 328 328 328 328 328 344 328 328 328 328 328 328 320 1344 1344 1344 1728 1728 1728 1728 1728 1728 1216 1216 1728 1216 1216 1216 1216 1728 32768 1856 1856 1728 1728 1728 1728 32768 1216 1216 1216 32768 1216 1216 1216 5312 5312 5312 5312 5312 1728 1728 32768 1216 32768 32768 32768 32768 1216 1728
32768 32768 1728 32768 32768 32768 1344 1344 1344 1344 1344 1344 1344 1856 1856 1856 1344 1344 1344 4424 328 328 328 328 328 328 328 344 328 328 328 328 328 328 1344 1344 1344 1728 1728 32768 1728 1728 1728 1728 32768 1216 1216 1216 1216 1728 1728 32768 1216 1216 1728 1728 1728 1216 1216 1728 1728 192 1216 1216 1216 1216 5312 5312 32768 5312 5312 1728 1728 704 704 32768 1216 32768 1728 32768 32768 1216
32768 32768 1728 1728 32768 1728 32768 1856 1856 1344 1344 1344 1344 1344 1856 1344 1344 1344 5440 328 328 328 328 328 328 328 344 328 328 328 328 328 328 328 1216 1344 1344 1728 1856 1856 1728 1728 1728 1344 1216 32768 1728 1344 1856 1728 1728 1728 1216 1728 1728 1216 1216 1216 1216 1728 1728 1728 1216 1216 1216 5312 5824 5824 5824 5824 32768 1728 1728 1728 32768 32768 32768 1216 1728 32768 32768 1728
32768 1728 32768 32768 32768 32768 32768 32768 1728 1856 1344 1856 1344 1344 1344 1344 1344 5440 328 328 328 328 328 328 328 328 344 328 328 328 328 328 328 328 328 1344 1216 1728 1728 1856 1856 1856 1216 1344 1344 1344 1728 1856 1728 1728 1728 1728 1728 1728 1728 1728 1216 1728 1728 1728 1728 1728 1216 1216 5312 5312 5312 5312 32768 1728 1728 1728 1728 1728 32768 32768 32768 704 32768 1728 32768 1728
32768 1728 1728 32768 1216 32768 32768 1728 1728 32768 1344 1344 1344 1344 1344 1344 5440 1344 1344 328 328 328 328 328 328 328 328 328 328 328 328 328 328 328 1344 1344 1216 1344 1344 1856 1344 1344 1856 1856 1344 1344 1856 1856 1856 1856 1728 1728 32768 1728 1728 1728 1216 1216 192 704 704 1728 32768 5312 5824 5824 5312 5312 1728 1728 1728 1728 1728 1728 32768 32768 32768 192 32768 1728 32768 1216
1728 32768 32768 32768 1216 1728 1728 32768 1728 1728 1728 1856 1728 1344 1344 5440 1344 1344 1344 328 328 328 328 328 328 328 328 328 328 328 328 328 328 328 1344 1216 328 1344 1344 1344 1344 1856 1856 1856 1856 1856 1856 1856 1856 1856 1728 1216 1728 1728 1728 32768 1216 32768 1728 704 1728 1728 5824 5312 5824 5824 5824 1216 1216 1728 1728 1728 1728 1728 32768 32768 32768 32768 32768 32768 1728 1216
1216 32768 1216 32768 32768 32768 32768 32768 1216 1728 1728 1728 1728 1344 5440 1344 1344 1344 1344 328 328 328 328 328 328 328 328 328 328 328 328 328 328 328 328 200 328 328 328 328 328 832 1856 1856 1856 1856 1856 1344 1344 1344 1728 1856 1728 1728 1728 1216 1216 1216 1728 1216 1728 5824 5312 5312 5824 5824 1216 32768 1216 1216 1216 1728 1728 1216 1216 32768 32768 32768 192 32768 1216 1216
32768 32768 32768 32768 32768 32768 1216 32768 1216 1728 1728 1728 1728 5952 1856 1856 1344 1344 1344 1344 328 328 328 328 328 328 328 328 328 328 328 328 328 328 328 328 328 328 328 328 328 328 1856 1856 1856 1856 1856 1344 1344 1344 1856 1728 1728 32768 1216 1216 1216 1216 1216 1216 5312 5312 5312 5312 5312 1216 1728 1216 1216 1216 1728 1216 1216 1216 32768 32768 1216 32768 32768 32768 32768 1216
1216 32768 32768 1216 32768 32768 32768 1216 1216 1216 1728 1728 5824 1728 1856 1856 1856 1344 1344 1344 328 328 328 328 328 328 328 328 328 328 328 328 328 328 328 328 328 328 328 328 328 328 328 1856 1856 1856 1856 1344 1344 1344 1856 1856 1728 1216 1216 1216 1216 1216 1216 5312 5312 5312 5312 5312 34816 1216 1216 1728 1216 1216 1216 1216 1216 1216 1728 192 32768 704 1728 32768 32768 1216
1216 32768 32768 1216 32768 32768 1216 1216 1216 1216 1216 5824 1216 1344 1856 1856 1856 1344 1344 1344 1344 328 328 328 328 328 328 328 328 328 328 328 328 328 328 328 328 328 328 328 328 328 328 328 1856 1344 1344 1344 1344 1344 320 1216 1216 1216 1216 1216 1216 1216 5824 5312 5312 5312 7360 3264 3264 34816 34816 1216 1728 1216 1728 1216 32768 1216 1216 32768 32768 1728 1728 32768 32768 1216
32768 1216 1216 1216 1216 1216 1216 32768 1216 32768 5312 32768 1216 1216 1344 1344 1216 1856 1344 1344 1344 1344 1344 328 328 328 328 328 328 328 328 328 328 328 328 328 328 328 328 328 328 328 328 328 328 1344 1344 1344 1344 1344 1344 1344 1344 1216 1728 1728 1728 5312 5312 5312 32768 7872 3264 3264 3264 3264 3264 3776 3776 1728 1728 1728 1216 1216 32768 32768 32768 32768 32768 32768 32768 1216
32768 32768 32768 32768 32768 32768 32768 1216 1728 5824 1216 1216 1216 1216 1216 1216 1216 1344 1344 1344 1344 1344 1856 1856 1856 1856 328 1344 328 328 328 200 200 328 328 328 328 328 328 328 328 328 328 328 328 1344 1344 1344 1344 328 320 1344 1344 1216 1728 1728 32768 5312 5312 32768 6336 2240 2240 3264 3264 3776 3776 3776 1728 1728 1728 1216 32768 1216 32768 32768 32768 32768 32768 32768 1216 1216
32768 1216 32768 32768 1728 32768 32768 1728 5824 32768 1728 1728 32768 1216 1216 32768 1216 1344 1344 1344 1344 1856 1856 1856 1856 1856 1856 1856 328 328 328 200 328 200 328 328 328 328 328 328 328 328 328 328 328 328 328 328 328 328 328 200 200 200 32768 5824 32768 5312 5312 5312 1216 3264 34816 2240 3264 3776 3776 3776 3776 1728 1728 1216 1216 1216 32768 32768 32768 32768 1216 32768 32768 5312
1216 1216 32768 32768 32768 32768 32768 32768 1728 1728 1728 32768 1216 1216 1216 1216 1344 1216 1216 1216 1344 1344 1856 1856 1856 1856 1856 1728 328 328 328 328 328 328 328 328 328 328 328 328 328 328 328 328 328 328 328 328 328 328 328 200 328 200 4296 5312 5312 5312 5312 1216 3264 3264 34816 3264 2240 2240 2752 3776 1216 1728 1728 1216 1216 1216 32768 1216 32768 32768 32768 32768 32768 5312
32768 1216 32768 1216 1216 32768 32768 32768 1728 1728 1728 1728 1216 1216 1216 1216 1728 1344 1216 1216 1344 1216 1344 1856 1856 1856 1856 328 328 328 328 328 328 328 328 328 344 328 328 328 328 328 328 328 328 328 328 328 328 328 328 328 328 4296 4296 4296 5312 5312 32768 1216 1728 3264 34816 3776 2240 2240 3264 3264 1216 1216 32768 1216 1216 1216 1216 32768 32768 1216 1216 32768 32768 4800
32768 32768 1216 32768 192 4288 32768 704 1728 1728 1728 1216 1216 1216 1216 32768 1728 1728 1216 1344 1344 1344 1216 1344 1344 1728 1344 1344 200 200 328 328 328 328 328 344 328 328 328 328 328 328 328 328 328 328 328 328 328 328 328 200 4424 4424 4296 4296 4296 1216 1728 1216 1216 1216 3264 34816 3264 3264 3264 1216 1728 1728 1216 32768 1216 1216 32768 32768 32768 32768 32768 32768 32768 704
1216 32768 1216 1216 32768 32768 192 192 1216 1728 1728 1728 1728 1216 1216 1728 1728 1728 32768 1216 1216 1216 32768 32768 1216 1216 1344 1216 328 328 328 328 328 328 344 328 328 328 328 328 328 328 328 328 328 328 328 328 328 328 328 4424 4424 4296 4424 4296 200 200 1216 1216 1216 32768 1216 3776 3264 3264 1216 1728 1728 1728 32768 1216 1216 1216 1216 32768 32768 32768 32768 32768 32768 704
1216 32768 32768 32768 192 192 32768 1216 1216 1728 1728 1728 1216 1216 32768 1216 1216 1216 1216 1216 1216 32768 1216 1216 192 1728 1216 32768 200 328 328 328 344 344 328 328 328 328 328 328 328 328 328 328 328 328 328 328 328 328 4424 4424 4424 4296 4296 200 200 200 1216 1216 1216 1216 1216 1728 1728 1728 1216 1728 1728 32768 32768 1216 1216 1216 32768 1728 192 32768 32768 32768 1728 192
32768 32768 32768 32768 32768 192 32768 1728 1728 1728 1728 32768 1728 1216 1216 1216 1216 1216 1728 1728 1728 1216 1216 1216 1216 32768 192 192 8408 328 328 344 328 328 328 328 328 328 328 328 328 328 328 328 328 328 328 328 328 4424 4424 4424 4424 4296 328 200 200 200 1728 1728 1728 1216 1728 1728 1728 32768 1728 1728 1728 32768 1216 32768 1216 1216 32768 1216 32768 32768 32768 1216 32768 1216
32768 32768 1216 32768 32768 32768 32768 32768 1728 1728 1728 1728 1216 1216 1216 1216 1216 1216 1728 1728 1728 1728 1216 1216 192 1216 192 192 208 200 344 328 328 328 328 328 328 328 328 328 328 328 328 328 328 328 328 328 4424 4424 4424 4424 4424 200 200 200 200 200 1728 1728 1728 1216 1728 1728 1728 1728 1728 1728 1216 1216 1216 1728 1216 1216 1216 32768 32768 32768 32768 32768 32768 1216
32768 32768 32768 32768 1216 32768 32768 1728 1728 1728 1728 1728 1216 1216 1216 1216 1216 1216 1728 1728 1728 1728 1728 1728 32768 1216 192 192 32768 8528 328 328 328 328 328 328 328 328 328 328 328 328 328 328 328 328 328 4424 4424 20824 4424 4424 328 200 200 200 200 200 200 1728 1728 1216 1216 1728 1216 1728 1728 1728 1216 1216 1216 1216 1728 32768 32768 1216 1216 32768 32768 1216 32768 1216
32768 1216 32768 32768 32768 32768 32768 1728 1728 1728 1728 1216 1216 1216 1216 1216 1216 1216 1216 1216 32768 1728 32768 32768 1728 1216 1216 1216 192 1856 1856 328 328 328 328 328 328 328 328 328 328 328 328 328 328 328 4424 4424 20824 4424 4424 328 200 328 328 200 200 200 1728 1728 1216 1216 1216 32768 1216 1216 1728 32768 1216 1216 1216 1216 32768 1728 1728 32768 1216 32768 32768 1216 1216 1216
32768 32768 1216 32768 32768 1216 32768 32768 1728 1728 1216 1216 32768 1216 1216 1216 1216 1216 1216 1728 32768 3776 3776 3776 1728 1728 1216 1216 1216 1856 1856 1856 328 328 328 328 328 328 328 328 328 328 328 328 328 4424 4424 20824 4424 4424 328 328 328 200 200 200 200 200 1728 1728 1728 1728 1728 3776 3264 1216 1216 1216 1216 1216 1216 1728 1728 1728 32768 32768 32768 32768 32768 32768 32768 1216
32768 32768 32768 32768 32768 192 1216 32768 1216 32768 1728 1728 1216 1216 1216 1216 1216 32768 32768 1216 1728 3776 3776 34816 3776 3264 32768 1216 1344 1856 1856 1856 1856 1856 1856 1856 328 1856 1856 1856 1344 328 328 328 4424 4424 20824 4424 4424 328 328 328 200 328 200 200 200 200 32768 1728 1728 1728 3776 34816 3264 3264 3264 3264 1216 1728 1728 1728 1728 1728 32768 32768 32768 32768 1216 1216 32768 1216
32768 1216 32768 1216 32768 32768 32768 32768 32768 1728 1728 1728 1216 1216 1216 1216 1216 1216 1216 1216 3776 3264 3264 3776 3776 34816 3264 32768 1216 1856 1856 1856 1856 1856 1856 1856 1344 1856 1856 1856 320 328 328 4424 4424 4424 20824 4424 328 328 328 200 200 200 200 200 200 200 1728 1728 1728 1728 1728 34816 3264 34816 3264 34816 3776 1728 1728 1728 1728 1728 32768 1728 32768 32768 32768 32768 32768 1216
32768 32768 32768 32768 32768 1216 32768 32768 1728 1728 1728 1728 1728 1216 1216 1216 1216 1216 1216 1728 34816 3776 3776 3264 3776 3776 3264 1216 1216 1344 1856 1856 1856 1856 1856 1856 1344 1344 1344 1344 1344 832 4424 4424 4424 20824 4424 328 328 200 328 328 200 200 200 200 200 1728 1728 1728 1728 1728 3776 3264 34816 3776 3776 3776 3776 1728 1728 1216 1216 1216 1216 32768 32768 32768 1216 32768 32768 1216
1216 32768 1216 1216 32768 32768 32768 32768 1728 1728 1728 1728 1728 1216 1216 1216 32768 32768 1728 1728 3776 3776 3264 3264 3264 3264 3264 1216 1216 1344 1344 1344 1344 1856 1856 1344 1344 1344 1344 1344 1856 5952 5952 4424 20824 4424 328 328 200 328 200 328 200 200 200 200 1728 1728 32768 1216 1216 1216 3776 3776 34816 3776 3776 3776 1728 1728 1728 1728 1216 1216 32768 32768 32768 32768 32768 32768 32768 1216
32768 32768 32768 1216 32768 32768 1728 1728 1728 1728 1728 32768 1728 1216 1216 1216 1216 1216 1728 1728 1728 3776 3776 34816 3264 3776 1728 1728 1344 1344 1856 1344 1344 1344 1344 1344 1344 1344 1344 1344 5952 5952 5952 21840 4424 328 328 328 200 200 328 200 200 200 200 1728 1728 1728 1728 1216 1216 1216 1216 3776 3776 3776 34816 3776 1728 1728 1728 1216 1216 1216 32768 32768 32768 1216 1216 32768 1216 1216
1216 32768 32768 32768 32768 32768 32768 1728 1728 1728 1728 1216 1728 1216 1216 1216 1216 1216 1216 1216 1216 1728 1728 3776 3776 1728 1728 1728 1216 1856 1856 1856 1856 1856 1344 1344 1344 1344 1344 5440 5440 29904 30032 5312 1344 328 328 328 200 200 200 200 32840 200 192 32768 1216 1216 1728 1216 32768 1216 32768 1728 1728 34816 1728 1728 1728 1728 1216 1216 1216 1216 32768 32768 1216 32768 1216 32768 32768 1216
32768 32768 1216 1216 32768 32768 1216 1216 1216 1216 1216 1216 1216 1216 1216 1216 1728 1216 1216 1216 1216 1216 1728 1728 1728 1728 1728 1728 1728 1856 1856 1856 1856 1856 1856 1856 1344 1344 5440 5440 5440 32768 5440 32768 1216 1344 1344 1728 704 200 192 192 192 192 704 1216 1216 1728 1728 1728 1728 1216 1216 1728 32768 1728 1728 1728 1728 1216 1216 1216 1216 1216 1216 1216 32768 32768 1216 32768 32768 1216
32768 32768 32768 1216 32768 32768 32768 1216 1216 192 1216 1216 1216 1216 1216 1216 1216 1216 1216 1216 32768 1216 1216 1216 1216 1728 1728 1728 32768 1728 1728 1856 1856 1856 1856 1344 1344 5440 5440 5312 5440 5312 1216 1728 1728 1728 1216 1728 1728 1728 192 192 704 1728 704 1728 1728 32768 1728 1728 1728 1216 1216 1728 1728 32768 1728 1216 1216 1216 1728 1728 1728 1216 32768 32768 32768 32768 32768 32768 32768 1216
1216 1216 32768 32768 32768 1216 1216 32768 704 192 32768 1216 1216 1216 1216 1216 1216 1216 1216 1216 1216 1728 32768 192 1216 1728 1728 1728 1728 1728 1728 1856 1856 1856 1344 1344 5440 5440 5440 5440 5440 1216 32768 1728 1728 1728 1216 1216 704 704 192 1728 1728 1728 32768 1728 1728 1728 1728 1728 1728 1728 1728 1728 1728 1728 1216 1216 32768 1728 1728 1728 1728 32768 32768 1216 32768 32768 32768 32768 32768 1216
32768 32768 32768 1216 1216 32768 32768 704 32768 1728 1216 1216 1216 1216 1216 1216 32768 1216 1216 1216 1216 1728 1728 1728 32768 1728 1728 1728 1728 32768 1856 1856 1856 1856 328 5440 5440 5952 5440 5440 1344 32768 1856 1728 1728 1728 1216 1216 1216 1216 32768 1728 1728 1728 1728 1728 1728 1728 1728 1728 32768 1216 704 704 704 1728 1216 1216 1216 1728 1728 1728 1728 1216 32768 32768 32768 32768 192 32768 32768 1728
32768 32768 32768 32768 32768 32768 1728 1728 1728 1728 1728 1216 1216 1216 1216 1728 1216 1216 1216 1728 1728 1728 1728 32768 32768 1216 9936 1744 10064 1344 328 328 328 328 4424 4424 4424 4424 4424 320 1344 1216 1216 1728 1728 1728 32768 1728 1728 1728 1216 1216 1728 1728 1728 32768 1728 1728 1216 1216 1216 1216 192 704 32768 1216 1216 1216 1216 1728 1728 1728 1728 1216 1216 32768 32768 32768 32768 32768 32768 1728
32768 32768 32768 1216 32768 32768 1728 32768 1728 32768 1728 1216 1216 1216 32768 1728 1728 1216 1728 1728 1728 1728 1728 1728 1728 32768 1728 1856 1856 344 328 328 328 4424 4424 4424 4424 4424 328 328 1344 1344 1216 1728 1216 1216 32768 1728 1728 1728 1216 1216 1728 1728 1216 1216 1728 1728 1728 1216 1216 1216 1728 704 1216 1216 1216 1216 1216 1216 1216 1728 1728 32768 32768 32768 32768 32768 32768 704 1728 1728
32768 32768 1216 1216 32768 32768 1216 32768 1728 1216 1216 1216 1728 1728 1728 1728 1728 1728 32768 1728 1728 1728 1728 1728 1728 1216 1216 1216 328 328 344 328 4424 4424 4424 4424 4424 328 328 328 328 1344 1344 1216 1728 1728 1216 1216 1728 1728 32768 1216 1216 1216 1216 1728 1728 1728 32768 1216 1216 1728 1728 1728 1216 1728 32768 1728 32768 1216 1216 1216 1216 1216 32768 32768 192 32768 704 704 32768 192
1216 32768 32768 32768 32768 1216 32768 32768 1728 1728 32768 1216 1728 1728 1728 1728 1728 1216 1728 1728 1728 1728 1728 1728 1728 1728 1216 328 328 328 344 4424 4424 4424 4424 4424 328 328 328 328 328 328 1856 1728 1728 1728 1216 1216 1216 1728 1216 1216 1216 1216 1728 1728 1728 1728 1728 1216 1216 1216 1728 1728 1728 1728 1728 1216 1216 1216 1216 1216 1216 1216 32768 32768 32768 32768 32768 32768 192 192
32768 32768 32768 1728 32768 1216 1216 32768 1728 1728 1728 1216 1728 1728 1216 1216 1216 1216 1728 1728 1728 1728 1728 704 1728 1728 200 328 328 328 4424 20824 4424 4424 4424 328 328 328 328 328 328 328 328 832 1728 1728 1216 1216 32768 1728 1728 1728 1216 1216 32768 1728 1728 1728 1728 32768 1216 1216 1216 1216 1728 1728 1728 1216 1216 1216 1216 1728 1728 1728 1728 32768 32768 32768 1216 192 32768 704
32768 32768 32768 1728 32768 32768 32768 32768 1728 1728 32768 1216 1216 1216 1216 1216 1216 1216 1728 1728 1728 1216 1728 1856 704 320 328 328 328 4424 4424 4424 20824 4424 328 328 328 328 328 328 328 328 328 1856 1728 1216 1216 1216 1216 1728 32768 1728 1216 1216 1728 1728 1728 1728 1728 1728 1728 32768 1728 1216 1216 1728 1216 1216 1216 1216 32768 1728 1728 1728 32768 704 32768 32768 32768 1216 32768 704
1216 32768 1728 1728 1728 32768 1728 32768 1728 1728 1216 1216 32768 1216 1216 1216 1216 32768 1216 1728 1728 1216 1728 1728 1728 320 328 328 4424 4424 4424 4424 4424 344 328 328 328 328 328 328 328 328 328 1216 1216 1216 1216 1216 1216 1216 1216 1216 1216 1216 1216 1728 1728 1728 1728 1728 1728 1728 1728 1728 1728 1216 32768 1216 1216 1216 1216 32768 1728 704 32768 32768 1728 32768 1728 32768 32768 1728
32768 32768 32768 32768 32768 32768 1216 32768 1728 1728 1216 1216 1216 1216 1216 1728 1216 32768 1216 1216 1216 1216 1728 1856 1344 1344 328 4424 4424 4424 4424 4424 328 344 328 328 328 328 328 328 328 328 200 1344 1216 32768 1216 1216 1216 1216 32768 32768 1216 32768 1216 1216 1728 1728 704 704 1728 1728 1728 1728 1728 1728 1216 1216 1728 1728 1728 1216 1728 1728 32768 32768 32768 32768 32768 32768 32768 1216
704 32768 704 32768 32768 192 32768 32768 1216 192 1216 1216 1216 1216 1728 1728 1728 1728 1216 1216 1344 1728 1856 1856 1344 328 4424 4424 4424 4424 4424 328 328 328 344 328 328 328 328 328 328 328 200 328 1216 1216 1216 1216 1216 1216 1216 1216 1344 1216 1216 1216 1216 32768 32768 1728 1216 1728 1728 1728 1728 1728 1728 1728 1728 1728 1728 1728 1728 32768 32768 32768 32768 32768 1728 1728 1728 1216
32768 32768 32768 32768 32768 32768 1216 32768 192 1216 1216 1216 1216 1216 1728 1728 1728 32768 1216 1216 1344 1856 1856 1856 1344 5440 4424 4424 4424 4424 328 328 328 328 328 328 328 328 328 328 328 328 328 1344 1344 1216 1216 1216 1216 1216 1216 1216 1344 1344 1344 1216 1344 1344 192 192 704 1728 32768 1728 32768 1216 192 32768 1728 1728 1728 1728 1728 1728 32768 32768 1728 32768 32768 32768 32768 1728
32768 1216 192 32768 1216 32768 32768 32768 1216 1216 1216 1216 32768 1216 1728 1728 32768 1728 1728 1728 1344 1856 1856 1856 5440 5440 4424 4424 4424 328 328 328 328 328 328 328 328 328 328 328 328 328 200 1216 1216 1216 1216 1216 1344 1344 1216 1344 1344 1344 1856 1856 1856 1344 1856 704 1856 1728 32768 1728 1728 1728 192 1216 1216 32768 1216 1728 1728 1728 32768 32768 1728 32768 32768 1216 32768 1216
32768 32768 1216 1216 1216 32768 1216 1216 32768 1216 1216 1216 1216 1216 1728 1728 1728 1728 3776 1856 3392 3904 1856 5440 5440 5440 4424 4424 328 328 328 328 328 328 328 328 328 328 328 328 328 328 328 1216 1216 1216 1216 32768 1216 1344 1344 1344 1344 1344 1856 1856 1856 1344 1856 1856 1856 32768 704 704 704 704 1728 1216 1216 32768 1728 1728 1216 1728 32768 32768 1216 32768 1216 32768 32768 1216
32768 1216 32768 1216 32768 32768 32768 1216 1216 1216 1216 1216 1216 1216 1216 1728 1728 3776 3776 3904 3392 3392 7488 5440 5440 5440 4424 328 328 328 328 328 328 328 328 328 328 328 328 328 328 328 200 1216 1216 1728 1216 1216 1856 1856 1856 1856 1856 1856 1856 1856 1344 1344 1856 1856 1856 1728 704 704 704 1728 1728 1216 1216 1728 32768 1728 1216 1216 32768 32768 32768 1216 32768 32768 32768 1216
32768 1728 1216 32768 32768 32768 32768 1216 1216 1216 1216 1216 1216 1216 1728 3776 3776 3776 3904 3392 3392 7488 8000 5440 5440 5440 1344 328 328 328 328 328 328 328 328 328 328 328 328 328 328 328 192 1344 32768 1216 1216 1216 1728 1856 1856 1856 1856 1856 1856 1344 1856 1856 1856 1856 1856 32768 704 704 32768 1728 1216 1216 1728 1728 1728 32768 1344 1216 32768 32768 32768 32768 1216 32768 1216 1216
1216 32768 32768 32768 32768 32768 1216 32768 1216 1216 1216 1216 1216 1216 32768 3264 34816 3776 3904 3392 7488 7488 7488 7488 7488 1344 1344 1344 328 328 328 328 328 328 328 328 328 328 328 328 328 1344 1344 320 1216 1216 1216 1216 1856 1856 1856 1856 1856 1856 1856 1344 1856 1856 1856 1856 1856 1216 1216 1728 1728 1728 1216 1216 1728 1728 1728 1728 1728 1344 32768 32768 1216 192 1216 1216 32768 1216
1216 32768 1728 1728 32768 32768 1216 32768 32768 1216 1216 1216 1216 1216 1216 3264 3776 3264 3776 7488 7488 7488 7488 7488 1344 1344 1344 1856 1344 328 328 328 328 328 328 328 328 328 328 328 1344 1216 1344 32768 1216 1216 1216 1216 1344 1344 1856 1856 1344 1344 1344 1344 1856 1856 1856 1856 1856 1728 1728 1216 32768 1216 1216 1344 1344 1344 1856 1856 1856 1344 1344 1344 1344 32768 32768 1216 1216 1216
32768 32768 1728 32768 1728 1728 1216 32768 1728 1728 1216 1728 1728 1728 1728 34816 3264 3264 7360 7488 7360 7488 7488 3392 3904 1856 1856 1856 1856 832 328 328 328 328 328 328 328 328 328 1344 1344 1344 1344 32768 1216 1216 1216 1216 32768 1344 1344 1344 1344 1344 1344 1344 1344 1856 1856 1856 1856 1728 1216 1216 1344 1216 1344 1216 1856 1344 1856 1856 1344 1344 1344 1344 32768 192 192 32768 32768 1216
192 32768 32768 32768 32768 32768 1216 32768 1728 1728 1728 1728 1728 1728 3776 34816 3264 7360 7360 7872 7360 7488 3392 3392 1856 1856 1856 1856 1856 1856 1856 320 1344 1344 328 1856 1344 1856 1344 1344 1216 1216 1344 1216 1216 32768 1216 1344 1216 1344 1856 1344 1344 1344 1344 1856 1344 1344 1856 1856 1856 1728 1728 1216 1216 1344 1216 1344 1344 1856 1856 1856 1344 1344 1344 1344 1344 1344 1344 1216 1216 1216
32768 32768 1216 1216 32768 32768 1216 1216 1728 1728 1728 1728 1728 1728 1728 3264 7360 7360 34816 7360 7488 3264 3392 3392 1856 1856 1728 1856 1856 1856 1344 320 320 1344 1344 1344 1344 1344 1344 1344 1216 1216 1728 1216 1216 1216 1216 1216 1216 1344 1344 1344 1344 1344 1344 1856 1856 1856 1856 1856 1856 1344 32768 192 1344 1344 1344 1344 1344 1856 1856 1856 1856 1344 1344 1344 1856 1856 1344 1344 1344 1216
32768 32768 32768 32768 32768 1216 1216 32768 1216 1216 1728 1728 1728 1728 1216 5312 34816 7360 7360 7360 3264 3392 34816 1344 1344 1216 1728 1856 1856 1856 320 320 320 320 1344 1344 1344 1344 1216 1728 1856 1728 32768 32768 32768 1216 1216 1216 1216 1344 1856 1344 1344 1856 1344 1856 1856 1856 1856 32768 1728 1728 1728 1728 1344 1344 1344 1344 1856 1856 1856 1856 1344 1344 1856 1856 1856 1856 1344 1344 32768 1216
32768 32768 32768 32768 1728 32768 32768 1216 1728 1728 1728 1728 1728 1728 5312 5312 7360 7360 7360 3264 3264 3776 1728 1216 1216 32768 1856 1728 1728 1728 832 320 320 320 832 1216 1856 1344 1856 1728 1728 1728 1216 1216 1216 1216 1216 1216 1216 1856 1856 1856 1856 1856 1856 1344 1856 1856 1728 1728 1216 1216 1856 1344 1344 1344 1344 1344 1344 1344 1856 1856 1856 1856 1856 1856 1856 1856 1856 1344 1344 1344
32768 1216 32768 1216 32768 1728 32768 1728 1728 1728 1216 32768 1728 5824 5824 5312 32768 32768 3264 1216 1216 1728 1728 1728 1216 1216 1728 1728 1728 1728 704 832 704 192 192 1856 1856 1728 1728 1728 1728 32768 1728 1216 1216 1216 1216 1216 1216 1856 1728 1728 1728 1728 1728 1344 1856 1728 1728 1728 32768 1216 1344 1344 1856 1344 1344 1344 1344 1344 1344 1344 1856 1856 1856 1856 1856 1856 1856 1344 1216 1216
192 32768 192 32768 192 32768 704 32768 1728 32768 1728 1728 5824 5824 5312 5312 32768 32768 1216 32768 1216 1728 1728 1728 1216 1216 1216 1728 1728 1728 704 704 832 320 704 832 1728 1728 1728 1728 1728 1728 1728 1216 1216 1216 1216 1216 1216 1216 1216 1728 1728 1856 1728 1728 1856 32768 1728 1216 1216 1216 1344 1344 1344 1856 1344 1344 1344 1344 1344 1344 1856 1856 1856 1856 1856 1344 1344 1344 32768 1728
32768 192 32768 192 32768 1216 32768 32768 32768 32768 32768 32768 32768 5824 32768 32768 1216 32768 32768 32768 32768 192 1216 1216 1728 32768 32768 32768 32768 32768 32768 32768 32768 32768 32768 32768 32768 1728 1728 32768 32768 1216 32768 32768 32768 32768 32768 32768 32768 32768 32768 32768 1728 32768 32768 32768 32768 32768 1216 32768 32768 32768 32768 1856 1344 1856 1856 1856 1856 1344 1344 1344 1344 1856 1856 1856 1856 1856 1344 1344 1344 1216
32768 32768 32768 32768 32768 32768 1216 32768 32768 32768 32768 32768 32768 32768 32768 1216 32768 32768 32768 192 32768 1728 32768 32768 1216 32768 1216 1216 32768 32768 32768 704 32768 32768 32768 32768 32768 32768 32768 32768 32768 1216 32768 32768 32768 32768 32768 1216 1216 32768 32768 32768 1728 1728 32768 1216 32768 32768 32768 32768 32768 32768 1856 1856 1856 1856 1856 1856 1344 1344 1344 1344 1344 1856 1856 1856 1856 1856 1344 1344 32768 1344
32768 32768 32768 32768 32768 32768 1216 1216 32768 32768 32768 32768 32768 32768 32768 32768 192 32768 32768 32768 32768 192 32768 32768 32768 32768 32768 32768 1216 32768 32768 32768 32768 32768 704 704 1216 32768 1728 32768 32768 1216 1216 32768 32768 1216 1216 1216 32768 1216 32768 1216 32768 32768 32768 32768 32768 1216 32768 32768 1216 32768 32768 1856 1856 1856 1856 1856 1856 1344 1344 1344 1344 1856 1856 1856 1856 1344 1856 1344 32768 1216
1216 32768 32768 32768 32768 32768 32768 1216 32768 32768 32768 32768 32768 32768 32768 192 704 704 32768 32768 1216 32768 32768 32768 32768 32768 1216 32768 32768 32768 1216 192 192 192 32768 32768 32768 1728 1728 32768 1216 32768 32768 1216 32768 32768 32768 32768 1216 32768 32768 32768 32768 1216 32768 32768 1216 1216 32768 1216 32768 32768 1856 1856 1856 1856 1856 1344 1856 1344 1344 1856 1344 1856 1856 1856 1856 1856 1856 1856 1216 1216
32768 1216 32768 32768 1216 32768 32768 32768 32768 5312 32768 5312 1216 32768 192 192 32768 32768 1728 32768 1216 32768 32768 1216 1216 1728 32768 32768 32768 32768 32768 32768 32768 32768 32768 32768 32768 704 704 32768 32768 1216 32768 32768 1728 32768 32768 32768 32768 32768 1728 32768 1216 32768 1216 1216 32768 32768 32768 1216 32768 1216 1728 1856 1856 1344 1344 1344 1344 1344 1344 1344 1856 1856 1856 1856 1856 1856 1856 1856 1856 1216
1216 32768 32768 32768 32768 32768 32768 32768 32768 32768 32768 1216 1216 32768 32768 32768 1728 1728 32768 1728 32768 32768 32768 32768 1728 1728 32768 32768 704 32768 32768 32768 32768 32768 192 32768 32768 32768 32768 704 1728 1216 1728 1728 1728 32768 32768 32768 32768 32768 32768 32768 1216 32768 1216 32768 1216 1216 32768 32768 32768 1216 32768 1216 1344 1344 1344 1344 1344 1344 1344 1344 1344 1856 1856 1856 1856 1344 1856 1856 1728 1216
1216 32768 32768 192 32768 32768 4288 32768 32768 32768 32768 32768 32768 32768 32768 32768 32768 1728 32768 32768 32768 32768 32768 32768 1728 32768 32768 32768 704 32768 192 32768 32768 32768 32768 32768 32768 704 192 32768 32768 32768 32768 32768 32768 32768 32768 32768 32768 192 32768 32768 32768 32768 32768 1216 32768 1216 32768 32768 32768 32768 1216 1216 32768 1344 1344 1344 1344 1344 1344 1344 1344 1344 1856 1856 1856 1344 32768 32768 1216 1216
192 32768 32768 32768 192 32768 4288 32768 32768 192 32768 704 32768 32768 32768 32768 1216 32768 32768 1728 32768 1728 32768 1728 32768 32768 32768 32768 32768 32768 32768 32768 192 32768 192 32768 192 32768 192 192 32768 192 32768 1216 32768 32768 32768 32768 32768 32768 32768 32768 192 32768 32768 32768 32768 32768 32768 32768 32768 32768 32768 32768 32768 1344 1344 1344 1344 1344 1856 1344 1344 1344 1344 32768 32768 1344 32768 32768 1216 192
